64
0.18934145304353772 0.1495327226115734 0.49242200390995466
0.13739513855312746 0.28409047175304186 1.4276379839683082
0.27622609550904986 0.40021460736876496 2.2256855112074923
0.0033316829107444823 0.40461102493031426 3.026188638578632
0.034940105132227395 1.02317744677216 0.2517169608789257
0.20514081233797643 1.0548154783475456 1.0708127066673803
0.1911369309826102 1.377808258809476 2.331152279436318
0.2241868128795405 1.0634263559127308 3.432022835911576
0.03657259341015495 2.321496993605483 0.08634506492605792
0.49542811667773906 2.273880499305275 1.3731605497892863
0.2081938445991659 2.4912119622647846 2.389203837376177
0.3909905457059642 2.448020621319401 3.015125948678698
0.3157131807257835 3.359161465341823 0.2938074751654179
0.2534721288230704 3.0669310060875667 1.1356558653272648
0.4757870371434089 3.1910706316663293 2.3871164148400976
0.07746307631545146 3.161410391776252 3.238036785995544
1.3661897293117031 0.36369837699823304 0.25983215416613004
1.237646213964465 0.022039599073559013 1.0658562593442107
1.0583017941479724 0.3453214507146865 2.338489282728033
1.19035781610825 0.2408642624005678 3.224709661796899
1.3512045022068957 1.3465045988774293 0.39404812148464397
1.3008372725216506 1.0407856317445554 1.4811856934843748
1.0670739429630136 1.286361467079725 2.257526409686479
1.0936029098544178 1.3367137470889108 3.4897568955792577
1.4824970378013056 2.1762101824648665 0.22921352459763056
1.2362910288901667 2.451284235565345 1.4540600747329298
1.0664493525294931 2.210530950564471 2.0659833814704225
1.4502344973599204 2.208150279495968 3.4672410230961765
1.2658334200661643 3.4042898272601203 0.2985089332972286
1.4465187438566844 3.3644540721688134 1.4712397415914977
1.4925453111724583 3.2356554149429386 2.26667365110496
1.3273841096186927 3.3168076090843823 3.034347109181622
2.280601805340993 0.2994645175981923 0.09716287864880058
2.1266899321723947 0.13784142145303435 1.3117346029450982
2.360083937541455 0.019929770347105635 2.1708043294050285
2.434383755040223 0.15375963145035876 3.4871652601995486
2.2737153180468024 1.2338226779422226 0.42240958090207364
2.1298803179144397 1.0891771599190556 1.0592985653689448
2.355338319193593 1.1037938832444596 2.2811549726658273
2.121308368500765 1.4578093281266957 3.4385503000662623
2.0882805612519144 2.4532402992583333 0.4371480003848747
2.1366006883373996 2.3289291256938682 1.4009822663094127
2.245122167691392 2.1837531880821426 2.3736089097304163
2.0242297377602423 2.160742605305618 3.4814110921816654
2.0277472982673217 3.21636738196406 0.47440866172374474
2.1269364635213703 3.3269756961121937 1.1682742012237117
2.221903657327093 3.2700575252917004 2.021801394265695
2.089318356360983 3.0970306290205674 3.2984964472553777
3.2847323396125643 0.2557184387923484 0.47419543911446876
3.1773384992327554 0.17817907404290628 1.231789318456716
3.303078007541448 0.4936474071757932 2.236420747564515
3.346007516449267 0.0038524306863251256 3.3159589785105394
3.3941839962815754 1.4678561023602634 0.39736968550706175
3.0833930730870973 1.0099325551221026 1.0357127075236812
3.0849735054598675 1.294621443707326 2.115519865791006
3.2965109873051275 1.135038029664491 3.2485439621840957
3.0201064908808113 2.3622750209454173 0.12487809762046898
3.339189629339504 2.498529858754895 1.336915853451914
3.2047833086609367 2.44202391708177 2.1023495010560564
3.2427049747231025 2.2560971223884607 3.4645330196088278
3.205397099019496 3.0248940497563175 0.29443080589639736
3.312905310200695 3.229274527528197 1.152308247998988
3.202487954870854 3.4456197027264586 2.405687726108979
3.4517309829688565 3.239260350699791 3.170941893308227
