1000
0.19463571038170607 0.23813501364623874 0.28117458927130456
0.47896308002140214 0.49765223057065605 1.2916061974531945
0.11250786931428042 0.45715684260466355 2.295714784883757
0.2885726538477457 0.4188636652332967 3.0864023558292253
0.05278592283646233 0.041163368306598114 4.241968707273621
0.40957671683178687 0.23575048943595622 5.2200128866694815
0.39293396140035475 0.07210707189959997 6.126956096082199
0.35641376755235105 0.18862995316076286 7.423848496747369
0.224073261778224 0.3088588955220756 8.189352112756525
0.46137303110508127 0.0515204848565618 9.054408509501293
0.18048253737362635 1.345626157848283 0.2985275328188239
0.48141869371327 1.3428937801223144 1.036950895108808
0.06475128856822843 1.137077890230071 2.183281405472206
0.27425703789774936 1.0260473294864005 3.4435274423239464
0.23590587674640934 1.1424308571970396 4.307703982317336
0.11214504342230946 1.17563297479476 5.259196800783583
0.14650904503874673 1.3090210622627558 6.346517374668264
0.12122610506338222 1.4244619249523565 7.4107778024307684
0.16269164356193455 1.2415401155435086 8.490883408359208
0.02323546739274618 1.4954446493700146 9.15524180710072
0.4819085854341396 2.476726756392704 0.07562142202050764
0.46541180951121697 2.3236251377067245 1.2561032672464991
0.04758245657264498 2.0163864225939854 2.351119398465953
0.16140352936144087 2.3781781823325034 3.228588170318144
0.04722454246990515 2.4953618224170024 4.36080525350034
0.2212154871415129 2.1530383493460437 5.058054531810549
0.29378769574917674 2.145758770892323 6.345910608969681
0.46019129079244897 2.028641826714014 7.293822098348487
0.09880402968522684 2.1715177403271917 8.296557080987096
0.34452109502087497 2.0479642512598035 9.026720568726432
0.2902042271402763 3.224682493742965 0.19560895357084368
0.035082897055934315 3.153380561769204 1.1030493394781486
0.3223732909158325 3.4480921968629907 2.3028347347097755
0.21864595359315497 3.098131508089225 3.1320422173131575
0.3794928537798575 3.397950285501682 4.464220996529043
0.0005321625940440389 3.2590457834334323 5.030017761984333
0.06539412946897921 3.422803904522366 6.0645011306931265
0.17766315202805838 3.4566375239511924 7.461855175848638
0.4111850240384526 3.455560477880491 8.076618649234138
0.37083563551658044 3.412167660545988 9.265394753254162
0.021613715392016286 4.446364435490179 0.39576607808222497
0.09706657804928503 4.143882781727984 1.1311637345584264
0.12196945560705086 4.4749594768567595 2.0610496320657274
0.23400721537131292 4.0942509927950725 3.2025838819431236
0.3321082032588108 4.078244579998548 4.039852684019875
0.38508638725987354 4.2848555402946396 5.201948447448897
0.2843827289299782 4.2572866943957655 6.111633814210645
0.34761061587394504 4.323426943116105 7.111551527315938
0.42800013421193195 4.040790212478189 8.353194694305374
0.17784138575586028 4.471387056651494 9.442219540895518
0.3918752704256391 5.375842864033661 0.2721557368619781
0.4215729607768442 5.135462267960873 1.0207324558710709
0.08990199144671102 5.272721342154187 2.073903882806737
0.053764646599868016 5.132237611870501 3.35899152123468
0.37952867928038236 5.355418948969534 4.084636144513035
0.25929489950586004 5.079656674201226 5.4764021589246745
0.4755751813553282 5.082034936056408 6.171130277837777
0.41881994599449135 5.337478609136659 7.05392862698599
0.3508723179362922 5.279283097113796 8.157808362977294
0.39601730106221944 5.41063513433927 9.317951617925312
0.16307077012834253 6.202742177610201 0.03327023735038254
0.3224312944193808 6.257291277350987 1.110781675404529
0.20552661114391146 6.454897902770193 2.4673384369097002
0.07158524031938279 6.099326643208713 3.2644861562658125
0.0966159230194546 6.167268910656117 4.43858947522739
0.4380879018857448 6.332730540810016 5.291053428332624
0.29712350384291 6.3419992165673875 6.473111286889552
0.2953412669536021 6.118249343954996 7.095718158722227
0.19092183401304214 6.09917308402269 8.048198117854414
0.37696836031806763 6.3319165363797705 9.050938712415261
0.4585671441720958 7.249826259313318 0.12408910170379289
0.31005439209250535 7.018426366340962 1.189323020759121
0.2618376033296687 7.368806932587669 2.071153808199365
0.08956816621983538 7.455450363016272 3.2125551937827255
0.18104022721050567 7.02235346066103 4.334220296452967
0.0517315906469476 7.250457039827192 5.497936794422649
0.09781038563920785 7.251428066281726 6.3270458029958965
0.15539421793938935 7.226230525417311 7.301745527403834
0.4517183744847746 7.326802617985822 8.301858685120454
0.12207301112719837 7.181436305097734 9.244685458725572
0.3616995456983743 8.16905667298139 0.022722746100769242
0.1963865630000886 8.298979300986304 1.2708969712363514
0.4434409119334707 8.238701983530241 2.2644155746217973
0.15801081900771757 8.059877622906683 3.089789318155555
0.12638041165174413 8.087318201336863 4.00289641384582
0.4424961335670807 8.200744843146138 5.383918433323175
0.3825984591792661 8.491304480414385 6.2882895742369165
0.09949443894307092 8.247752978818086 7.079378022803539
0.06171068905856153 8.152591224563752 8.01007235964624
0.34563641638063475 8.195182923188513 9.280204421079322
0.23728816988421736 9.409375931415894 0.033951152866355305
0.27976291911149215 9.227687616987337 1.4573531897729741
0.421838450327633 9.283004760051012 2.3447420938422665
0.3631722688639675 9.016567174231538 3.2823872296316012
0.02286708032057927 9.160943623446013 4.018515167410796
0.351179389484297 9.463992860620792 5.141768157269518
0.10771108230776166 9.112335931768303 6.1837956578195765
0.27582246451751646 9.00915705662739 7.306674743455668
0.24051515338179397 9.454620144089185 8.379564348449495
0.4932670762547638 9.11301363160076 9.268816736145734
1.409220953967312 0.21331253138590123 0.18815329930325586
1.065631685757847 0.2776813440173937 1.4004065465353674
1.030349573604599 0.30384433153020246 2.2404979421707147
1.3503744588072963 0.4644857965183371 3.0153678508777944
1.4641696327319884 0.2560483073176909 4.360728334542397
1.2552823629661807 0.2848688116491761 5.139220115529795
1.4787001387142495 0.3773006969592697 6.009510558638358
1.467045903373149 0.02870452983364158 7.2546848864652445
1.4313029252179912 0.2822026161649037 8.464867087812216
1.086012882686799 0.20550309474580297 9.010843722460411
1.2055933463025081 1.3785756878295503 0.14513296086112681
1.2443069945707668 1.4220883632120709 1.1744423261794634
1.003281821705467 1.1956376696428848 2.413540240352973
1.3755538658977813 1.496150528197968 3.0465866634144136
1.448281561219317 1.2427945461620016 4.278990291016273
1.3844609642488308 1.328128140767476 5.486997178496382
1.1169776892967709 1.1743482513908499 6.303149731817194
1.273552346172335 1.3195050890898234 7.107855641943361
1.0675274049664185 1.0008648912150664 8.301395288693485
1.1160275340291403 1.026280325167852 9.303225814049783
1.2377229726270276 2.2155473010720703 0.4630671933314573
1.130781380401113 2.0643053088986236 1.0051601734357691
1.0457129956205795 2.088149594129935 2.1503535994677327
1.114377757174656 2.339848855682667 3.412041228938628
1.3201200397684658 2.123821976019443 4.2895931045861975
1.2380227680870193 2.247739262207216 5.23008634248787
1.1413033368393688 2.1885219682177084 6.473157102855426
1.41726376211041 2.167105764554458 7.4395689366678575
1.2901330362938193 2.4048039142397912 8.09815871761813
1.4272975430937684 2.165401994182344 9.251350789464523
1.4049878442532173 3.2028224798170495 0.3228442827830281
1.2863289920351788 3.3325460494317127 1.2455937062165237
1.0682454223665983 3.3096375438287517 2.0988509570208245
1.1386612805715337 3.1870903605843015 3.0681825517133063
1.3716416776453406 3.4405048891383 4.033312867146685
1.3270898396845117 3.4152716428844556 5.4724264485344865
1.2803291516559177 3.0712643327218276 6.123930696637558
1.1404149728215638 3.3082217556619575 7.349119090586288
1.30473852439911 3.1074900213858028 8.029922504630841
1.195192469870887 3.0780894025553667 9.069194706342582
1.1985456734242654 4.418745094594708 0.3687328209070413
1.255008001808387 4.423392000177376 1.3189227852507976
1.2176545704570572 4.149003043787559 2.0220839874423704
1.2719545078099337 4.360667869626053 3.4932935282585533
1.0479043735511253 4.325389226624338 4.041448573718899
1.2564322344244223 4.041820561637342 5.285782925061585
1.1892583768953187 4.22112599809088 6.0917479664011465
1.3420212808311054 4.149602975411642 7.091243577683925
1.0661347458654717 4.39913195297451 8.298297473789246
1.088936810351412 4.207237491404414 9.222049657942913
1.3832545897854405 5.311500674550082 0.35835159822934376
1.2660116909875532 5.323653196621727 1.0690542137747228
1.3730904556136287 5.420486591258912 2.477809943820729
1.0889942372766863 5.176338608571113 3.4687285099066982
1.2004496509916094 5.060454847757387 4.472939006116566
1.135769413731754 5.419837900486706 5.302334018033695
1.294744125264352 5.462870120557132 6.286663544652906
1.2903791889117036 5.098383611008039 7.063399742311006
1.3330454936950762 5.374685179154257 8.406993836975976
1.439661354851537 5.169417590477375 9.466798069764844
1.3001491324825132 6.214903987693119 0.05806038086896076
1.1726705720066892 6.069318758460405 1.3958044107382435
1.3624010712813683 6.11405090981158 2.214621970587914
1.0282499275778174 6.43811377942388 3.2241801555802905
1.3836857294895466 6.323640129077847 4.202959009605474
1.1186019577133457 6.487445163076028 5.285977381904118
1.1789431531654098 6.103308838759883 6.41229673856273
1.3566009990257986 6.414243251149729 7.127316083551745
1.0200975496535234 6.410382544186371 8.037512814921511
1.1800125699838455 6.351933509035434 9.476427303361804
1.3763379131353037 7.014797957439078 0.4395860464306506
1.328583426335458 7.118837339386641 1.1656255140249518
1.1371926954140728 7.38494134242318 2.0155786146256798
1.3047857026283607 7.25918957804333 3.1684859512150676
1.253392430957087 7.168312531186382 4.225605281190378
1.0786484377888208 7.179521829882725 5.180443346897618
1.207943608612697 7.235475069109385 6.012442658823594
1.2277859766337607 7.404425202759181 7.022814097855671
1.0823407547892248 7.402698592761098 8.21112725121912
1.0483169072506795 7.150324784291827 9.434730642812156
1.0878222242344027 8.071230107803935 0.4540740878330344
1.2983759277231992 8.218323856164965 1.2112362545943705
1.2361230911505827 8.038159216341443 2.4452917647624544
1.0548177707146502 8.23958045897412 3.0392499311159424
1.3174950842768838 8.430204480827427 4.310126344321978
1.116334267775969 8.146748406598759 5.369459827207971
1.2516650613644602 8.315427242534133 6.49526300595334
1.325185273619026 8.32161734350324 7.414697622463881
1.027437121137889 8.269957670648793 8.422860127046881
1.2543735134960907 8.305136519241332 9.090412237752162
1.1629975761833318 9.175973392124956 0.08333462190645019
1.2326002421799482 9.406819051134153 1.141658374842516
1.2569023908382568 9.400559193021234 2.2255488285922724
1.3535453848184347 9.154188534645037 3.300166151894474
1.41905562148069 9.184457328019041 4.328277119954792
1.3776043424316773 9.416020255233038 5.245916894108021
1.3112562212802996 9.186289567073581 6.255792386910168
1.3423895439640532 9.002622219880598 7.345760476042587
1.026020960676818 9.201242405270355 8.356421140162785
1.106292607095713 9.251652071306424 9.306852122773195
2.4984909636393646 0.39421587360200006 0.0411915391068301
2.1296912858735735 0.0453821351534357 1.491280797384738
2.4968439935599953 0.48667742551895693 2.456225314089171
2.0283909565421228 0.3195979759274482 3.293254583105794
2.3685696130382348 0.0940356659027703 4.486804139067613
2.086255065640072 0.25353974580018906 5.425691115610369
2.217223060067361 0.2587266729755134 6.083502026864544
2.3683579101609182 0.10318549159014462 7.031286413494177
2.4417719429822853 0.2836047565076432 8.131196724020425
2.361260669050556 0.11414542028592828 9.466716480411494
2.0293590874803806 1.2057730123295571 0.3883830324485391
2.329389210340091 1.3670376661609582 1.2858349188808342
2.492288242460307 1.1940274457362658 2.3784243625839703
2.33637996261502 1.133382405201759 3.325148426874421
2.3979519968062664 1.1390251655816241 4.091765629241376
2.448598751411722 1.0057324352125239 5.004073782468368
2.477406807272625 1.1369802181537005 6.0873231545282005
2.0584340507462686 1.3032194435043156 7.084707180703745
2.3755645594936095 1.437878047079052 8.075123521764137
2.105031757671296 1.2770417024773635 9.380132969600844
2.11848075596949 2.0148922027490785 0.4841598728915357
2.3172072322582338 2.0910381945465333 1.165445754168696
2.3071320699972 2.4547974087063484 2.318082650042571
2.2418362315618077 2.2987270920143845 3.2574809238308786
2.0402982414409347 2.02913472687436 4.464022619783265
2.062782517015288 2.251384909214543 5.349776563823993
2.1605374538546496 2.4756440955721204 6.443420845383568
2.023870850661835 2.439148071658774 7.147383827419382
2.2732995295111924 2.377873792857688 8.457137015811968
2.4131614268255888 2.2049692245997696 9.490185682888507
2.031176145826321 3.441876488522755 0.08541121118477679
2.192586774785217 3.3077579835409305 1.288691077480763
2.3745615792974935 3.3209306965649255 2.062272693440886
2.446242673705551 3.4217894806102285 3.3982960479207063
2.1013581624490314 3.4403418129855066 4.291763667572085
2.1373874368648864 3.043653059414139 5.187996245240594
2.368441518358585 3.1143863934780174 6.065456779095092
2.2269923843287085 3.1598649741476423 7.291430434951438
2.0214333301722767 3.122234571689202 8.24603539296402
2.214673056499872 3.3167965679315126 9.229320897848098
2.0900811350203394 4.227323320525616 0.21292093697622194
2.155611658162109 4.488950064429141 1.4094766669887937
2.3429230754603982 4.095281356018302 2.343025790329269
2.127834007644572 4.130925025734707 3.135112751137159
2.412502967096474 4.214738704283996 4.231891264445133
2.4921550263653174 4.27575142294534 5.258813318007001
2.1577766644430083 4.329506470799473 6.327055730736692
2.0875291712875166 4.314005054133551 7.195254805016098
2.4872659126381236 4.429044094791355 8.156778992770029
2.4201196500454953 4.0246461725822895 9.03208307802171
2.3071481235182687 5.4138893748182415 0.35379462292862
2.492396296210388 5.184059713681443 1.3485200931506387
2.3258511996746796 5.096626517325991 2.1188145854064
2.423074586648515 5.182553410866099 3.002896740472405
2.4952094753154688 5.211920430156177 4.2547972807369785
2.2265057382113222 5.231663751160574 5.026769364919817
2.1506863813561843 5.415943586712355 6.102752702794359
2.1778927850529977 5.4960021777668615 7.105419686298581
2.3985782254775527 5.485600915205614 8.38431351218121
2.375964459002291 5.222605424693679 9.059839154517645
2.4366283666899076 6.185776964126634 0.06249752525787816
2.2735451802093802 6.48105970800375 1.2853285038534459
2.3412066602994357 6.143329197038691 2.17901860412444
2.484708277114993 6.156573983840002 3.342526945635027
2.2732522480366275 6.098029921316086 4.3278264562672035
2.4969364750151906 6.200568760122979 5.254735376291051
2.0558220647666117 6.115725462468566 6.297613069159978
2.3998384644078263 6.050249745263609 7.372988943406149
2.2887473933517533 6.3104090860067945 8.204837638263593
2.1091892140018893 6.188986042736797 9.399044579142421
2.4782204022499967 7.04139625089177 0.43009910777591287
2.2780792739990305 7.019816608095343 1.0889255962218694
2.386666437664315 7.206962109589534 2.4746870324935424
2.2429091398241585 7.4650338440463475 3.3019205774848626
2.1504900748012057 7.0744827471763045 4.130705649305961
2.357676264275251 7.00334273419763 5.225020897556293
2.3316316130410257 7.298401839951031 6.2125745323291
2.1236681573379337 7.427116695334808 7.041812620012015
2.0473095532835943 7.3326125570608784 8.224285465681106
2.2057294894563038 7.262386574545135 9.354069679718068
2.176371768213331 8.343032527318936 0.2920458916047277
2.4215835295794377 8.24635576718172 1.0691689178742896
2.0186658179998096 8.126548566202567 2.079494000852956
2.4404101583084126 8.262441800271429 3.3047389962600238
2.002327395056791 8.350248029217097 4.052859835075025
2.3871302331890045 8.161982084290663 5.316449704184242
2.120223503237849 8.033665109230693 6.236719331276079
2.1211196045724505 8.141334673830292 7.224204142485149
2.0118726363623907 8.474920709116253 8.495956586641022
2.0583440063741074 8.177026209223438 9.160403148114701
2.2655558790077244 9.38556575593897 0.10649254470577685
2.3331332757659977 9.14472225311828 1.1461332835782967
2.2877928387319457 9.209201723558127 2.351345505612634
2.2936330431552148 9.187219812827314 3.358408851896889
2.2193022779583496 9.365595693164277 4.282681698521257
2.0290662070967542 9.263594415906583 5.344470989256575
2.2267832970754977 9.05071797367049 6.213461579529043
2.3280177527549935 9.164994249630317 7.252032277064913
2.2057752832730038 9.266385274617203 8.176425258789031
2.479380110965899 9.049802525179704 9.071601032940336
3.364028812241168 0.321920587385764 0.22968839234000765
3.1003237212273147 0.16547280547702936 1.4636390250709312
3.3722364544949057 0.1817958471304354 2.1092790769450795
3.3535556995877154 0.18276803826251337 3.094088840210511
3.3208305527103557 0.22185658723273166 4.10743262103652
3.1075220629274836 0.24020118490903786 5.327866383515168
3.4220697102891333 0.17398349885802766 6.065286809037519
3.0665315850201917 0.2319963370215713 7.288214360237205
3.386318549624937 0.48124479148681376 8.202898647442867
3.283832765081422 0.39405818157449773 9.190546942586954
3.426316904595505 1.0970978072980284 0.4202792928307616
3.045459579293104 1.3773108907085267 1.3498812053859859
3.4872479529724876 1.444566574009374 2.245651811596482
3.0643433429914166 1.442076820919961 3.0414737847975357
3.0982128312718156 1.26659047942734 4.44119006460637
3.154579319568476 1.132670343868837 5.404711001373187
3.2787816924068864 1.3641662839214757 6.409538809607559
3.2791292118003303 1.1210832522097147 7.465932737287524
3.2697441170947985 1.4617133865032337 8.074770617257636
3.4559997776493043 1.1919385761974748 9.185179908563631
3.4508126980419327 2.228395583161374 0.3722848520496366
3.1166949146981993 2.149873869976576 1.2576992215062262
3.0303294721253526 2.3134396344413957 2.362993221588957
3.2414999366589523 2.4456168843858137 3.384688845710887
3.0801715865662582 2.473214384105253 4.4314452537229965
3.2550091177507032 2.1878725957298624 5.048805858462207
3.2077474827659898 2.2326830254130616 6.423122330214663
3.4446762431553455 2.2860197599258547 7.270964332447437
3.4744408206436055 2.387422024747069 8.075311193947721
3.1951908218259435 2.277592348337553 9.316104659546905
3.071864802144705 3.004290751074305 0.19311672167175242
3.1249074733275144 3.3855571768267287 1.434032981737317
3.0630329104306604 3.493963332094071 2.1015060024290313
3.0964270259009656 3.0475016991475905 3.1551912316481947
3.0473629503807342 3.396057517449811 4.275461729755714
3.2402629541781773 3.0635260214006843 5.08425819610329
3.348476853298115 3.012864040868643 6.323945843809536
3.2709184212192364 3.4105931905483455 7.416765264833819
3.193612625693375 3.0235840857046035 8.434932823036466
3.109920186811613 3.237320441062822 9.404245136872982
3.4023907241685873 4.368584765824901 0.48012010164376684
3.074884272971711 4.317310649520773 1.3060092177879532
3.2034961108929703 4.139817163902226 2.4703616806595923
3.4167719980596742 4.184685930265839 3.2240094443508407
3.4448492900372614 4.309238353724099 4.479845869559641
3.473246767270965 4.00394644216131 5.231815656742318
3.3186566952105414 4.115845654333448 6.177198638147082
3.441429272584933 4.272094943622211 7.068366174596589
3.003250537033868 4.438682578728903 8.270163573657634
3.2916037821589192 4.290745924461305 9.35309727935034
3.3829091851163486 5.464502942958984 0.30876660368847036
3.1914228960471154 5.37198981441834 1.1448545227247304
3.292973773177287 5.1883140399774526 2.1200270576979
3.237556888895129 5.345511011653212 3.0256779815504316
3.0096024949720324 5.449236475406774 4.135724801708183
3.2203395023062265 5.085564929823516 5.159727067963228
3.059402840826215 5.260533159101388 6.43129235532086
3.083453168074782 5.351058362896989 7.2504810945534555
3.2829923461896406 5.194785109247707 8.303780321561037
3.0372240859221753 5.311454613655491 9.387966930245
3.448648279770045 6.307200710887724 0.14813155885645007
3.2366990712760595 6.35150870992278 1.0817824443941655
3.3101103266030547 6.220940134466856 2.308432815172138
3.0942897555214204 6.395404137444746 3.084084440971178
3.3756395242744173 6.057684195882289 4.001334701391705
3.4153137273521263 6.447504368968912 5.251077796707277
3.3006529263482 6.258638446372608 6.3643054142797135
3.0919340136921414 6.10056846312673 7.432145110011451
3.214187652283387 6.17404291094697 8.314425010503044
3.0680800555285717 6.357428678309704 9.490775865655532
3.2789400555583423 7.2760644349382595 0.3414277560882767
3.4350495831639782 7.031836295015385 1.277172416414849
3.1773242227839327 7.032038464678257 2.1338090477178167
3.177907757513122 7.484858618870549 3.256609226073525
3.3501073753411807 7.25544087841179 4.1570947244467025
3.1134519204363036 7.213999367762865 5.240976693790912
3.1971978415763567 7.37404741619185 6.317761740523699
3.4552612513814953 7.00619436018717 7.339810094410276
3.0379502490924315 7.351374291772843 8.45164366308754
3.1703652267789253 7.047535257660631 9.325788450942204
3.4842785583046503 8.450765199063623 0.1971021784049643
3.3932102949020337 8.413274393626867 1.4099838839165078
3.0022072451185853 8.124297720734106 2.3302550586623125
3.4969883314575343 8.183213408134952 3.0210269921632693
3.3770820966222495 8.0541400231657 4.235976861841772
3.33863079617403 8.371775639292855 5.1919017412641715
3.182433761125358 8.370878146099884 6.349631926121411
3.466733473809591 8.225107395575176 7.027841366729829
3.2768509883261414 8.484166475591723 8.119693141504683
3.2813240565337867 8.338771635891506 9.158573130407053
3.336128069417994 9.082281314961543 0.23034669267051472
3.135630234762379 9.307117114883344 1.133716353356689
3.222992715628044 9.162886408974924 2.2534874569292485
3.4867191618396163 9.393992010799954 3.283545671823063
3.129426043448347 9.462428136154179 4.4764702477766605
3.2506742631166587 9.258482226760147 5.336783729516707
3.3926074776362767 9.400341279303404 6.007148106771509
3.1953292720818873 9.181636446495476 7.170311139071005
3.2754208743797486 9.012885224907643 8.349730326598536
3.4827813912772694 9.172434688187318 9.129327329091202
4.23054003547794 0.09345114615194622 0.18089190578947084
4.046336697655936 0.1203518965140088 1.3191033467781135
4.374699438465709 0.06421411179283304 2.170696034527192
4.47427200595588 0.41739022234276024 3.4153309169869184
4.357839074138424 0.028752826406729548 4.248943246435167
4.320552176514251 0.38802045548280556 5.4885075370590055
4.280161324915156 0.07387636455559898 6.480919401714198
4.289599673154563 0.1499006191170743 7.101775085930766
4.077055110464953 0.34955545325082793 8.176561920902063
4.1345456155539875 0.20340129524628142 9.097123630929008
4.0893176606210115 1.416763540776265 0.27037643285872187
4.493252049184415 1.3032627680803657 1.008729375562858
4.001785722311625 1.1181149724690247 2.0573885887869476
4.323926078363884 1.0652979282451742 3.4191204551177905
4.395468716589686 1.2390047366177728 4.279240558364814
4.3171907443303565 1.2992047296568248 5.193143562624273
4.113181693488988 1.471138171776957 6.365211648364488
4.132351949199896 1.0715492659184898 7.210160860608917
4.302699427038304 1.4513683181231962 8.137643659548003
4.3639283028474 1.4393962636951576 9.019372312201012
4.180236550209438 2.06383170567674 0.23265035139337237
4.035992929769092 2.1575602534401805 1.3450423872986967
4.086648987895928 2.4908165053188824 2.2718421925799315
4.21166988500784 2.411385851501243 3.1541249244332885
4.236354460496666 2.0663183842375057 4.033553971857982
4.171620980034323 2.360664527481332 5.173496062511886
4.170096117743019 2.011207125443503 6.252162439978817
4.4362078226085195 2.0416886819670825 7.231677930432226
4.04058541605299 2.1056184106027045 8.222945686868753
4.222851270693356 2.3120602173723355 9.003227288732784
4.415243409482532 3.2975494203325857 0.19346545452595076
4.373403029225361 3.4199804641743756 1.4849213412632036
4.057844320983894 3.0293043667918025 2.4888148517365436
4.482413184995189 3.405509701089617 3.404954300736166
4.175448796554855 3.4228347186121106 4.133077484256539
4.255832562683327 3.342428094702445 5.131980701697762
4.205113621604611 3.427739811423205 6.460120030048625
4.19021140828576 3.4147889084998395 7.13840102119955
4.000810534141265 3.1251204295754387 8.12479257154447
4.030201335468556 3.022043707956187 9.14567953455632
4.3831186551611685 4.467733567932832 0.4137188576457759
4.118524994229447 4.198760119015247 1.1297252648109706
4.181245378016244 4.056993834340371 2.2954536737587143
4.1708397589588495 4.140485330520794 3.0654876460142213
4.423591149648305 4.44953861092098 4.009547989115038
4.100159666471398 4.187099463537191 5.458642294366556
4.178972522355829 4.075755778042754 6.367743635141015
4.426807036896349 4.38991672825751 7.00220854988539
4.0881785833583395 4.460468890018367 8.038388897193217
4.144048268725844 4.198999758231881 9.336021215973771
4.320536364573972 5.470364145858208 0.3085419232378981
4.287845723134128 5.193012740373334 1.2016081252346709
4.497719918739703 5.089775384529179 2.1039242547642756
4.402800240210257 5.083198363433983 3.0614866697837804
4.470656289384742 5.111696479778567 4.261514767142694
4.1930028184840324 5.336764539008965 5.124428652405788
4.283701270369937 5.066657013732584 6.168219249775882
4.331392091791293 5.211408893305283 7.1402164869552465
4.086717585587446 5.180461743724975 8.390894014617139
4.113597195942475 5.422776365920246 9.430311266044201
4.126704766540358 6.310873626961753 0.18148904647911634
4.2364571392647745 6.317490779315037 1.030908182883762
4.281536395393541 6.448112589152155 2.1873392877847877
4.205844294795207 6.213003901684691 3.4502458173194555
4.096221409571206 6.4916668962132755 4.097762279001864
4.193040567617446 6.239660849050923 5.097191231674854
4.38118240302224 6.440618647016075 6.19470657000809
4.226002587773323 6.180197954081729 7.207936666352508
4.017332723869197 6.4311096431395125 8.053218490560488
4.343523715415277 6.29371890991313 9.228744570972347
4.273025380046802 7.116274099315811 0.012499961227478817
4.072964760111485 7.460419185057171 1.1700840839743814
4.000862682852893 7.292708637028027 2.4460379808081933
4.213181048934564 7.3950699286248245 3.3741233867079954
4.213796183193058 7.120298618908146 4.186655601817629
4.082057956604599 7.0343015675489236 5.136804186477299
4.09523578913857 7.393914881791194 6.159931313108555
4.297609565106117 7.238247822918904 7.1460738180097385
4.003204833257818 7.2689623922205175 8.386133964048968
4.221127030661676 7.07940874937737 9.240799392872093
4.371423680582624 8.214625844683935 0.28025123364587534
4.482856632235238 8.351382382876118 1.3742583517039464
4.240948783001242 8.000166291434134 2.262135684244782
4.38900134186292 8.276092732673165 3.3220828382814656
4.044800149402913 8.131396954740092 4.229877370454681
4.200856319687046 8.001589801457623 5.358516850197375
4.409561560395871 8.386073424794754 6.28740389621505
4.245159628706388 8.483927977142898 7.06421537069057
4.149001776635086 8.055947150584721 8.009921148238808
4.429548870856051 8.484809391398864 9.05903232783839
4.0810181246140464 9.16249241291552 0.4934677530095251
4.381173622156175 9.422304067167122 1.259594440537428
4.41975522121861 9.269724506619623 2.1092252598881256
4.025074752305844 9.12138383335573 3.284653231574264
4.330347490207178 9.294014745891753 4.282126361708875
4.0822827679692 9.074572118980042 5.250233589631151
4.0996027559106984 9.38755050177733 6.43031905298259
4.050491071971382 9.185295118828206 7.295914503648181
4.0729758539614735 9.244377918275738 8.30888247979704
4.124474174238711 9.409108294605343 9.376905387240551
5.123486767511254 0.28953905424087517 0.20011429698671263
5.277162690332017 0.1425943887970253 1.230513416830608
5.053927978029991 0.48862515068862483 2.413153557116664
5.352662197896373 0.06121144845008786 3.067851316542945
5.39868552810247 0.12163048833562096 4.29700470936916
5.402596208430999 0.11179759459498328 5.212291483418763
5.1655577223056035 0.44150359016127066 6.391547862654202
5.011016659202564 0.2006935962543352 7.069755538591839
5.297254464126273 0.08072038861013386 8.012455921562067
5.041096954487362 0.14364123493212444 9.063625820191477
5.382389382159294 1.4258355509514675 0.39867955599319826
5.391317523610484 1.2259057814253986 1.1161770753914748
5.392262593323067 1.1487037957437742 2.2260714722886026
5.3307725314428005 1.089007634058427 3.4655659157662644
5.189506814191689 1.048575248474532 4.405068676944944
5.047506852499081 1.2221962067558907 5.395200799026091
5.103164852612119 1.4242337682033783 6.357156894404316
5.445399488468296 1.2272818119742466 7.09906708649751
5.34320706965542 1.047813232301334 8.181697995745083
5.146212486347838 1.1836448333820102 9.007353861664598
5.473823465180709 2.119891902489006 0.3408314489947756
5.367409351815483 2.233669318430833 1.1980091524814598
5.124218756378547 2.16118951364879 2.374625324088948
5.047819866163693 2.3334358065344514 3.0828296465986575
5.284435677392375 2.079957148127619 4.407696319525105
5.018188230825146 2.4700870643167105 5.472102694374443
5.494345837580241 2.3261106153309967 6.218360914394721
5.079572486010098 2.3301020514435566 7.480103121293387
5.123335717066109 2.1998127497478173 8.175099595875402
5.043794451688439 2.495772094982113 9.43509107915968
5.288310420377361 3.4383916090469855 0.4896282954907276
5.25011137041295 3.3317076296161683 1.4356616678599063
5.367539710429174 3.336349401253277 2.444505731520639
5.050075076676 3.0190061980850604 3.037929550889363
5.030167900770063 3.0719394144665713 4.109520559853023
5.016575779055143 3.229746301783686 5.048799797894675
5.190572280260166 3.422546761502631 6.326053630434055
5.2165331567378415 3.3273888006058687 7.077371082172381
5.274052356094371 3.2792726270978996 8.122004295941245
5.217811211230228 3.3767981808381817 9.182471039558466
5.045297914227003 4.387921814564301 0.3402686929923797
5.3225191728915355 4.275630559986969 1.2413636643045738
5.3294532134868655 4.223759437853044 2.4872193064539423
5.015184239032356 4.372861614806596 3.1118310297532252
5.093474321499183 4.396517138274815 4.498818577125635
5.244582853592202 4.445941786821559 5.182592685445367
5.012895741167381 4.031302193632029 6.2762554375699136
5.163554670720681 4.063673328118887 7.477180434774439
5.111990782194272 4.263493078535018 8.449819518168798
5.111235345918575 4.22358992611485 9.364278009978879
5.3092190571146505 5.462753192274445 0.05400111819173842
5.051017506015206 5.1301111622106585 1.0357735041645397
5.483527231313891 5.396533375108757 2.259295173675587
5.129641001696072 5.440503176514916 3.2221124560303176
5.346175307620494 5.308957724327778 4.2110864105604415
5.362579005288136 5.166280357869314 5.359032791780154
5.147350038570934 5.1570482039710255 6.436126491700493
5.037416332335827 5.232571705613052 7.095005135237682
5.465307169708022 5.470694191382788 8.498571046113808
5.234418327394894 5.02097256810847 9.108831181518662
5.153144961274746 6.424986017420471 0.14908731105125905
5.243789692450939 6.091971348669737 1.085970338773195
5.393657224138189 6.26059698137145 2.3370855253218803
5.384488568345134 6.4613940540655905 3.144138211882734
5.346377325405697 6.137399603573428 4.461073019931888
5.485638252635792 6.209710973386222 5.437186088339316
5.242582727063031 6.492739087251385 6.437463407638564
5.343216724028083 6.041354130111945 7.463891211522156
5.490942682912776 6.1326655965142365 8.399418147606664
5.007819298162046 6.472168560890242 9.005036257178423
5.25990691119395 7.10859313887091 0.3973653612591227
5.140394341943839 7.491418980067863 1.1035080273153681
5.033031515272579 7.331514254372353 2.391985651287012
5.298698153920741 7.4714972732563245 3.3040037796274584
5.427228882392097 7.379729232728014 4.074628564868388
5.462835880029084 7.023796568631953 5.47965524430924
5.221596487450385 7.236268070858547 6.277736821470443
5.482283845336516 7.161807525010059 7.019769216788304
5.288696690849831 7.233765121475432 8.314337615323725
5.340283271479841 7.165198259016783 9.225297857881023
5.39062687518589 8.271674727947554 0.18889888563885698
5.0682415378090795 8.378534905378421 1.308145800285831
5.091979350425785 8.18823788066735 2.2856320755404025
5.084053512826647 8.175702499452093 3.4014674573597143
5.138335646852668 8.275968785621064 4.437706741554472
5.156682202321403 8.493378277849855 5.045028046836746
5.459686736240431 8.081143761351203 6.492663295882468
5.068608105643593 8.319073174218147 7.406031733482677
5.114420639815757 8.416793061489628 8.366183964373006
5.020172198944866 8.390490546542813 9.078558279856145
5.238824825240762 9.027981684871012 0.2601559379227656
5.016356879557991 9.08250941592263 1.2091006933894048
5.450534713800239 9.241821972391735 2.419140894116312
5.088518517930723 9.297834120402175 3.0718044110802456
5.087274761775551 9.011344107255429 4.352438684095463
5.226857999453959 9.124993935073004 5.283676025896577
5.250323611004574 9.328605410366356 6.313831035641327
5.2509643004299935 9.191947387655935 7.036767929867021
5.025423299263344 9.275340605646413 8.179848182348065
5.491890717209282 9.434645343212802 9.006582145135129
6.125048087582961 0.4682942992850571 0.309208741064029
6.1562033270915295 0.31710440506864285 1.1914387027316522
6.061487849563106 0.25743183600232383 2.1660935976731563
6.367504605428015 0.2598128722497628 3.279331954769112
6.409042718564521 0.2618864918813684 4.044362365725605
6.325489684834328 0.23435571853728143 5.376430919038049
6.323706659256436 0.29165075433268595 6.270355393935073
6.267713640780451 0.08385042785053748 7.065759843221173
6.39527332931536 0.16380780654396931 8.02735668133558
6.161816585107459 0.3288847133727038 9.426126119763952
6.426890522870208 1.1914391113958882 0.34465225078321876
6.302970459681961 1.2637187899329283 1.2890920844763107
6.2118003251633205 1.3162295113548375 2.3520475519671984
6.0987670302264565 1.270974261975498 3.450526038071795
6.054763127282828 1.0810896783777475 4.365776534307202
6.386063491308247 1.1992655651968858 5.422508764297705
6.386324718654205 1.2708911562531107 6.491105690115825
6.440392951083 1.1259481427453308 7.4065077994001305
6.298102421200878 1.2256266129680347 8.22450728061059
6.249859135029105 1.3984587391151577 9.378436338057464
6.3627700410562085 2.0569009516079686 0.10860718250347923
6.0056620472730655 2.0083933858904213 1.1812396700989862
6.049632946249978 2.3630076638436206 2.301944719544543
6.393830676218567 2.191022472747196 3.3933792563588487
6.498615684894573 2.29221271907147 4.046206682610524
6.088795889345321 2.4476294431646224 5.11424108088549
6.38164756300299 2.207119582623529 6.400485643932662
6.467982526557037 2.4905650719217602 7.201600396933566
6.346489187591973 2.4748416024162476 8.393246178744366
6.180384866000287 2.0502751163579185 9.005913125924328
6.343804437345419 3.14204934975479 0.3852789421217691
6.291278966153312 3.4892588802692512 1.0816034632408915
6.499274590643903 3.3340588288346615 2.0560727200658384
6.493391565900998 3.433757296701363 3.0575325813122776
6.104437243097091 3.4558829034242913 4.277694565930335
6.229041908799306 3.166865441152156 5.000377610174281
6.195267140695276 3.280551424176943 6.119681429074074
6.32674544361417 3.0004236319266218 7.048633284018865
6.352549795147894 3.254627982165757 8.034049477435511
6.024326908209076 3.2717188321262296 9.34208604590322
6.0763840250735335 4.103655103069678 0.10771823329754243
6.010082282949045 4.236943340948114 1.012052537167071
6.137655556029751 4.261511752895636 2.192427908636547
6.2553259064713655 4.451374970397839 3.198482715596223
6.016979676749403 4.370069008364821 4.038987686802023
6.253705999615436 4.295385065178474 5.005023147946298
6.364016153413039 4.4539020315800455 6.332213306358929
6.494564586704064 4.044599317687425 7.2019201692214265
6.2836443821643115 4.352868491309454 8.010346071692977
6.444329347525462 4.464223645018844 9.138508774737133
6.391580972556541 5.297465872449963 0.1977837807599977
6.3903104989516235 5.15758352797857 1.4721223500605483
6.488868552886651 5.035254702415779 2.3383844503043263
6.277835454332252 5.248094191380068 3.412594054728191
6.184566608801198 5.343688635028186 4.359570261274779
6.106815952509221 5.0712824036696835 5.494070531822914
6.167232240054118 5.207786371252259 6.258930883496449
6.026683323803335 5.139705933928228 7.276207920242787
6.3468684963277555 5.476312742339642 8.112127058811554
6.222389723783576 5.0226200586082115 9.210851523317057
6.331781992034052 6.003460329597664 0.305184836239636
6.135410412114227 6.264447156286009 1.265302452182268
6.057508066658515 6.309505803318164 2.466119296462301
6.047788224173864 6.056135913912728 3.115883550696462
6.440836872494329 6.413665983548487 4.365492991354974
6.209081555010098 6.415393298514394 5.18136193658702
6.415133802844207 6.052065180545838 6.310638989401438
6.4976808382860805 6.1058429801937955 7.473645576755076
6.2675461758606765 6.395047388431491 8.1676156434247
6.446204744748075 6.044697628638074 9.238317170120567
6.28076763734404 7.175118421640061 0.2560825623538281
6.161594938880109 7.425191939763516 1.2449223604185458
6.349312615205633 7.276867801684914 2.118070976040473
6.347613502183543 7.209430560486756 3.304478656907976
6.4622715440198935 7.020288234025733 4.462215401352095
6.112316620896248 7.2352448044018685 5.289179464430109
6.229920446645986 7.231036364418215 6.27833068322161
6.112864886339774 7.463671828016525 7.497927321413902
6.4363199421688595 7.221721001084737 8.353826196921329
6.259206581540962 7.412588755148836 9.080554817491784
6.203021111901375 8.378449193905684 0.131786226182525
6.065861642821467 8.186946122457428 1.4906905715863688
6.403463808734809 8.488306400597791 2.183714346717796
6.07915195258771 8.323563962445531 3.299052542058499
6.4157523876740985 8.338933577101692 4.195511417763162
6.451932622037793 8.324177779680511 5.407010763782095
6.45379391033163 8.250925151699912 6.3571341431525035
6.484025872685194 8.244919308372557 7.473603944578371
6.454353829826654 8.399044813483398 8.441212239397291
6.036329938202024 8.286769146323115 9.454970421721578
6.109447236599183 9.330926434279245 0.006652016273621775
6.482771394974272 9.40639953146702 1.1230022542762503
6.375762034624509 9.420840781610618 2.357535101994002
6.08087764789039 9.4098337219344 3.390531386027724
6.327897704128247 9.284077622992962 4.039083043070651
6.15566758579707 9.490019061458991 5.313351094413228
6.268859500647445 9.248608357986145 6.152800472825759
6.08986139394609 9.30991419517051 7.143794966203193
6.459630946727655 9.33429416796051 8.146008348138594
6.12133529801142 9.208252238739771 9.215182954831937
7.465180959976425 0.0074478474372132175 0.3747211347967683
7.466394130245576 0.33347662312872484 1.4565781808154752
7.239612673297601 0.019633295121438687 2.002812475409583
7.238694643966792 0.41346657313597257 3.0431434648441957
7.009760299711599 0.12371086530051068 4.310457177119085
7.036000322828622 0.17617665086462753 5.101486354200592
7.446020173505928 0.28049967466374875 6.159648188787881
7.083615533420109 0.39185123486941986 7.4395640680660975
7.208064391428841 0.21077189795307416 8.436761872507875
7.215957755079522 0.07172461451261913 9.253549468604229
7.465077743195152 1.1266491012948832 0.0050067222513705545
7.156001715738331 1.1420354855505377 1.229165287102628
7.081438556548973 1.3824870877583786 2.4519244317168147
7.033494730607601 1.3220832997298129 3.4216940067855814
7.055567173925027 1.3632198859349152 4.010524269408013
7.398301283574417 1.496023640704507 5.113562983187416
7.1924916359447675 1.1202789099978996 6.3581869955021455
7.133557835263228 1.1426138351211488 7.3045276352893636
7.246262804058479 1.475615951593076 8.249836288283205
7.337362281816344 1.3094871006307027 9.325979613175582
7.4271243393343145 2.382592404789988 0.11599663239998398
7.293231443641162 2.0061519821122973 1.239891050878004
7.081608673576579 2.493786459115164 2.034958119101003
7.367128201134586 2.076014611092852 3.2145053538343373
7.457461603967562 2.13911143800434 4.193939651780735
7.096485745803428 2.3076575582507464 5.047189872901915
7.36925408694969 2.077481189242746 6.284075422513707
7.082713965791553 2.3601412049138104 7.050664245598432
7.101283983767336 2.017719864698374 8.017006487208944
7.282266471586101 2.0733465930196577 9.286089604424708
7.214973508551782 3.179226096153306 0.4100615166519635
7.440731978582169 3.4475072598456658 1.0162301364471067
7.023603437768112 3.391961146580723 2.0898723779969792
7.095919567461169 3.365610861429745 3.2108855535566745
7.225165139694166 3.4422387790003315 4.071540216136294
7.273759721021143 3.3713400796186264 5.350316886114677
7.293369664602283 3.4363768252545084 6.213451548669996
7.46249921364742 3.0409076348207043 7.17551982526067
7.225720352388359 3.4650823344859627 8.062570909300142
7.337198335732401 3.391240999132653 9.11538059255371
7.215908171348224 4.285194370123142 0.41524546223151904
7.241895716559885 4.446149580856059 1.0866338399666966
7.171999685982029 4.169207723052379 2.459166667748262
7.36295269375735 4.480537403607885 3.301310552148586
7.258701033567195 4.281142761409778 4.398898330276291
7.271592001476604 4.48000927650367 5.036749270639973
7.024207775588789 4.0172434952767695 6.063254807293752
7.108507756985376 4.192573653519691 7.227194881069466
7.306466477789798 4.208583380997618 8.342705972098566
7.480513134151184 4.225917936881218 9.173066764167118
7.39614860205117 5.487476479769014 0.16422479617024383
7.364763638396231 5.158886530933033 1.4156428807233008
7.492841772760853 5.051664087687936 2.161005056700636
7.058767839457354 5.186199762183305 3.2509178457458603
7.33218309282822 5.3910461686306315 4.343328017039319
7.075523852241217 5.448861589425104 5.246027840237652
7.36221689447479 5.385110530681538 6.101134330133776
7.026960066023309 5.185829814475787 7.41211429193907
7.216760887628628 5.4632426181335445 8.448721610610415
7.37676326464473 5.476147226361043 9.352614360224024
7.015721177180655 6.483095166602764 0.2748026029808264
7.198077672789871 6.122365150248304 1.2715417703017584
7.193299189563585 6.10955888900174 2.278807471381061
7.364620356635689 6.4199423950596195 3.1477675368108913
7.270627197186404 6.178415915663108 4.25771900596765
7.407756870126029 6.103976893891212 5.346942363884466
7.371580735793163 6.1406238319262965 6.009743593882826
7.2919650377273335 6.398930933659067 7.445144078035327
7.1929987169293 6.121981710908881 8.084194282466445
7.341224852928228 6.13628053816628 9.169520091385317
7.31041706613527 7.421576312012161 0.20030430556644446
7.481305288020277 7.211562430260419 1.2893123430174422
7.195717480364053 7.380369986612163 2.0991931202810163
7.351868520126916 7.124943440754843 3.4064371761594745
7.4613537205283995 7.061363659062288 4.198123905238328
7.437966923521997 7.220023627049051 5.335846769889879
7.36675956979521 7.1500432921848684 6.022796337637034
7.214466310285493 7.126948585612886 7.089873553161345
7.035471279655252 7.05717633765854 8.301269308109612
7.06261282524049 7.178351473262281 9.271358556131913
7.480157746243237 8.243130045096366 0.09674160926003944
7.31388794084384 8.226019186663155 1.3687645657378853
7.305332890441054 8.181127792582062 2.197370611611725
7.24853731394329 8.335039244772968 3.2629395758399564
7.112742359553557 8.18058102234954 4.444565213558053
7.241249245370848 8.429502104770147 5.088348741432233
7.022683388987633 8.248924514400208 6.3941400033077915
7.206747479494712 8.39889974726774 7.286187370840848
7.333745657590384 8.30885300349712 8.051139864418596
7.284523616235905 8.046403019917145 9.278101190031647
7.475336815080077 9.281214354921898 0.2200415662230119
7.432096054481586 9.107846451601906 1.0657209605153917
7.334628726646295 9.200123891075355 2.245033436865476
7.203254358846432 9.304032899210052 3.2946416735660256
7.164708507796288 9.191713938327508 4.055427284266253
7.105459893367398 9.289173829405234 5.160833325150345
7.321779443252933 9.488423034686337 6.248951671890036
7.3555201181140895 9.048130836688502 7.050705561091742
7.322526150335868 9.09147321334702 8.000331644535406
7.384429888094469 9.232371614225771 9.188961442675614
8.112722798562313 0.3744204764213267 0.2676136970003891
8.329438266247127 0.39329195873047446 1.4417610770029994
8.281777286806516 0.10458410809739965 2.1396186121609917
8.405721281282764 0.46185076766719674 3.1896623927527075
8.421107283068002 0.16446147118432786 4.2327044355617724
8.284637398251627 0.34313464428276047 5.05677670299113
8.4661189893818 0.017195854712535152 6.1054304562101525
8.295868552785254 0.4396730400340703 7.18624650992975
8.368562151138827 0.10560543854962273 8.03557701317625
8.386602048464809 0.23186405340080252 9.123957542539733
8.326017408911245 1.2500632414606219 0.1937193819923369
8.185821212591664 1.2238175489124066 1.4053902266830414
8.39559147091822 1.0956358137614406 2.4742075292399006
8.002766144702779 1.2125859780953476 3.297335385139964
8.384077391187388 1.1272110263922004 4.01932578197936
8.20114759080854 1.3893148470295682 5.138599602328766
8.047084772179993 1.1099192380444418 6.271461741888741
8.2811088709344 1.2093624781275547 7.071783241780737
8.157871174485669 1.4979149338469875 8.120506127764672
8.021160918732201 1.087760508097557 9.13143779949082
8.41209494020229 2.4367930119343093 0.20941784867042257
8.495060108794748 2.2935407117377182 1.2955773879579175
8.201622856648232 2.2882504607927214 2.48105215092234
8.216005941799027 2.1564818550638183 3.4568913907287913
8.438221718349412 2.1712957792694185 4.165716085318216
8.45352137848412 2.4855001752949186 5.262737625505794
8.04018539518674 2.166827750220215 6.309974149046643
8.210016064724732 2.3624282567752357 7.431436446360387
8.388441602709651 2.167215959407225 8.305379565196287
8.087563105496237 2.1886557281996044 9.406357964983616
8.436354779193065 3.0826226944301762 0.3915723306103326
8.246076431303187 3.4904339889527254 1.297207549999698
8.281540792168443 3.017710722971915 2.333230114947924
8.385550299862036 3.057410777601131 3.479061090847313
8.476377700077705 3.1322266251401167 4.4123116438634105
8.008285278420445 3.449144939882327 5.1036080316145505
8.008095109888501 3.4999167540817804 6.10384357467961
8.480660565397287 3.13445385001257 7.370484575332358
8.318893493534985 3.180642364410405 8.239296872871545
8.1425977197609 3.346482761940749 9.201520914856033
8.456808156356596 4.401632518129179 0.2584891217265705
8.375716207359565 4.331758847847289 1.1926022924035182
8.410666564555362 4.363600686671993 2.3455105058166064
8.414550462498337 4.063351429747545 3.273085181270103
8.355757615925949 4.211484432264359 4.290035428031928
8.371325185124695 4.287610698562736 5.206458011562598
8.335021150559939 4.391725910716328 6.057103607901663
8.383834741434988 4.438438606178679 7.468765695660848
8.237483181213788 4.043108684625643 8.073786531074372
8.477177526709497 4.1738861675850565 9.129442491006223
8.488146769245558 5.447379182803203 0.44428242072261526
8.084539918305394 5.101065336078013 1.2905166127274108
8.18215578537414 5.178060389002199 2.3495752611961414
8.355449278341466 5.299077028443166 3.2253368777117477
8.08191559721223 5.4956096013338795 4.378105247899749
8.122941974374559 5.353298200742866 5.243176855101678
8.212006222897013 5.250795058391529 6.45350607132445
8.10216237894367 5.045848150938483 7.156556208099458
8.355488978285669 5.10539963385548 8.48109516552183
8.193797053530172 5.137826680931867 9.258940137170544
8.430565764207913 6.499239975971294 0.06085104988467677
8.323324124249032 6.1009493097591365 1.4242167438062854
8.093953905930292 6.205029787351086 2.2320780324775518
8.331890584127343 6.079389465217843 3.0399959191293418
8.40079158442054 6.000669050012521 4.222205904273823
8.335889370251294 6.211940402915143 5.148889782304145
8.369239825745783 6.3716532346339685 6.41183982803648
8.229977279326288 6.170311333986563 7.239357833910654
8.073942410587268 6.491105961979821 8.388016741535782
8.13522520802411 6.2776158373785576 9.284573815615182
8.358507458329587 7.022828394522275 0.26138186450903156
8.224483924321634 7.168319486828544 1.2998315960879507
8.209617558891924 7.144809693251028 2.1373461332705244
8.392865937249306 7.393965728978356 3.370092101188278
8.080770603990771 7.0265837394992525 4.053591360705796
8.040605131501414 7.09246604419345 5.339336720912275
8.334611838964019 7.238315521164193 6.294759972808146
8.498973281193463 7.277444083897771 7.397698979680505
8.119509499517624 7.010132055863237 8.351652572355148
8.110768463303799 7.094806177617249 9.475411138295636
8.144156907184584 8.064380451271788 0.0022400925327870636
8.172067044349639 8.304630938713926 1.1038147139727559
8.472329002293888 8.176457680544083 2.1198082511480396
8.037120038278365 8.449802452292667 3.3719060715041613
8.173234007989953 8.24762096993196 4.1399142017365715
8.38022303115928 8.444949470753585 5.387533617255936
8.27641749022856 8.315360521698253 6.090620125648806
8.203912983590381 8.337805632490884 7.478277103895916
8.12313777001087 8.262543622824154 8.227915943956521
8.193131242716412 8.081543835215403 9.439475220470786
8.402911483721903 9.195552386187769 0.05365099868442219
8.2973069432754 9.327338684275558 1.0798070188711737
8.114419276630901 9.413238778629069 2.4727374641906366
8.016917621616598 9.184274416676761 3.3899320257535455
8.139067069744703 9.359898289608346 4.250970661743137
8.220570841618201 9.266197040493026 5.409529324209791
8.43983803692434 9.065341156115192 6.286210551326073
8.443646823793038 9.069619436921007 7.34366909875762
8.369295287777762 9.407543760178642 8.012854840838129
8.235401861833852 9.080248198907803 9.343890926890303
9.179487762154416 0.4349455726918029 0.38277113456206596
9.313991616570037 0.47519284469079276 1.4761647096437023
9.323083317745706 0.02221102237054373 2.1079014401008083
9.412823184815284 0.031226843666715465 3.316521927076748
9.218161616906524 0.03326791271384166 4.133285784716979
9.317342883654918 0.2894035980719597 5.4228328165424085
9.215797068666713 0.08246544688352708 6.330573210549952
9.446995998579318 0.050473235733958066 7.3219758357816405
9.44761855346058 0.1031769928977399 8.12517494012475
9.05125196782688 0.31517095617465263 9.4784594330064
9.16079902326464 1.492926663195834 0.36513405191569975
9.009245164897541 1.1253122211046258 1.3845233513184643
9.373130994615051 1.4724276446650681 2.0698119204535512
9.075919093267869 1.2191474887769902 3.2958888565639364
9.083439264039232 1.3869055473729333 4.1144942368220185
9.070658734026164 1.1724096241209077 5.346459277925908
9.211549418368874 1.040234017631092 6.3368492663971
9.459248540100841 1.3604389732318347 7.1858996385830345
9.484386555590438 1.3489689274667522 8.046860272970289
9.289837401758405 1.4513113808525233 9.013624157766591
9.300625592350878 2.415543898429509 0.32926208898653303
9.286256558528912 2.0292915476946463 1.3649915221634261
9.238380524353428 2.1722983167955987 2.0872921900250576
9.49286458696381 2.0862623502162463 3.0008847149326145
9.168218911732675 2.338243305527914 4.136906383495063
9.434094175051735 2.1418083145196474 5.272616193698343
9.383911287069001 2.003285515245885 6.408512986664363
9.365508085673032 2.446616696441807 7.324401695207598
9.350029157897092 2.1828050508371715 8.449212508051144
9.273196028987815 2.2854957614570517 9.299156736034032
9.360083870879203 3.002572628494436 0.3815820312833916
9.274666546953268 3.4744600857556023 1.004172049590402
9.33341240704184 3.173588608337729 2.135969933621516
9.254832120986297 3.109517274723044 3.2233065960010654
9.220968454177287 3.1440883362439345 4.084396642465844
9.049559894998742 3.34131217556413 5.105172780012934
9.35655629873812 3.3013036664949587 6.315770975925558
9.116457260283623 3.1151888864639807 7.288370251339281
9.10961194347401 3.452516226475981 8.32231127883004
9.405997313397318 3.2180848519191962 9.040114095994861
9.122096126828641 4.179495643302276 0.16983642030212143
9.43426368944615 4.275241454132286 1.3968839860347222
9.413367165278318 4.372194881499395 2.1268829036390047
9.269767233732095 4.002442508441486 3.153596587056729
9.116144086726893 4.0705489352061095 4.076048098342711
9.216136225474765 4.161587853057167 5.44595707219978
9.28903039435268 4.327013106270643 6.210005012935162
9.109575892807053 4.4874272099712185 7.038555672519367
9.243503864056411 4.21440311255272 8.322563571000433
9.308901626784047 4.361367425910605 9.434966840196017
9.185510629899062 5.266699514622234 0.374842858394033
9.493691615174766 5.229594946069339 1.3446001124422489
9.087482769055013 5.249154342749291 2.364139457260289
9.316654724248544 5.122737483816044 3.2113952008261566
9.311304026628793 5.207638196491025 4.006232502764188
9.334068916392233 5.4152047643323495 5.280556631616053
9.11147624468372 5.069267337513308 6.29938484285063
9.220833033564832 5.451026952917627 7.282605765040074
9.32001600117228 5.3067985267478175 8.062066670392499
9.05676737289729 5.090147116022031 9.029356942025665
9.249549980358882 6.199762920349623 0.06381456815070718
9.422661344615634 6.226878178150112 1.4062395427694583
9.407443579079082 6.077457017443718 2.095061240304861
9.076568433335831 6.378370075205877 3.060039025368021
9.47393872656077 6.331729204324355 4.309312975664321
9.238563818839292 6.259035222534417 5.480998332044353
9.130210813845249 6.360944242001725 6.310747185946672
9.244308470669337 6.421981246240629 7.367879593753604
9.253535251771762 6.214500360645057 8.467979574450496
9.257489419542418 6.322108078991057 9.314748196019133
9.280243454951352 7.429951003207913 0.30376731988785927
9.317107175723532 7.450972152400407 1.4626569365366346
9.324660139906614 7.316967473016457 2.190530203222803
9.375463945477046 7.466088515278828 3.154793281827962
9.065540557887855 7.428803129977119 4.044410785422388
9.185014293074492 7.440738743271913 5.499001441894189
9.233857153649549 7.011778738277376 6.313858336565127
9.053693542835955 7.23752500652869 7.036874476131764
9.085086899267447 7.234199655115647 8.286941323137096
9.471839023912748 7.41220341940607 9.015912852424487
9.074488171194737 8.156774821262177 0.4913568219782009
9.328877420583016 8.330238047486027 1.149433336100583
9.021873188693002 8.060995448574852 2.2174495406890617
9.244686251534176 8.115478324830063 3.1881467590853703
9.425067802590764 8.405103030612947 4.464604870837057
9.474304368922477 8.230729846008375 5.0461094053551685
9.24810669173718 8.219574487743035 6.3107092890089485
9.001281779747371 8.007178434473218 7.169783884358263
9.206059034953377 8.316661965993989 8.469303239198375
9.099154640861038 8.074577145704698 9.249160221068795
9.007491959266819 9.467315661811302 0.27132619129161684
9.41798722471529 9.066758293430834 1.0367542322975902
9.01045285810779 9.322902687899965 2.327505339774651
9.312266309783984 9.30370377829273 3.2611164345204706
9.037541498200051 9.467545383397583 4.2412417223839665
9.348357582120135 9.169814450972709 5.219061464429318
9.091692978252565 9.10653249142114 6.26309135332527
9.36010095104907 9.381810244707733 7.338512099715004
9.000735910811317 9.138870931060973 8.284919879673918
9.417318969066217 9.309961725192816 9.330836922987544
