125
0.1007126688707603 0.3717857753923491 0.32471170876910205
0.4246629320942119 0.4131367872382278 1.4287893994709402
0.09336115496951608 0.19805566458519697 2.427627936900163
0.043034157988313615 0.3576308187735349 3.165479687791656
0.0389510743005419 0.2334482305663157 4.079522930952705
0.4761619754550548 1.1610634774621573 0.47896184953239207
0.12254160006830889 1.2896432028728053 1.2957799654419404
0.22596798487703895 1.441756875851589 2.3417874822694436
0.3664049411466613 1.0183457635478634 3.2673837191049717
0.30558668890186685 1.4714220337825448 4.371631401256366
0.4375192029323742 2.3795195110526253 0.1692173866110211
0.4194374587822466 2.4267187201144966 1.4407333325333678
0.3389188509913513 2.3752082013120264 2.4004443415352164
0.2747376536945177 2.1877712232484483 3.4129756787942473
0.363479006612831 2.3479224650065 4.204703119754728
0.3180731936510035 3.4672824083211 0.14968534395230965
0.28369095255555227 3.1957694950372093 1.4221186825232768
0.19657587389717923 3.109760797876044 2.4981899999181945
0.006104840128295763 3.4457151508990616 3.2243823554680047
0.307947062262042 3.169996728480153 4.098486122335196
0.366132148168093 4.041836907485818 0.3438602322323477
0.17241332760263844 4.481784887793487 1.32620591491338
0.24680109787096383 4.351743694312352 2.336636687171573
0.36610567199426697 4.250766374755472 3.329276447398625
0.32964990237440167 4.43530251776784 4.3962850360847705
1.3588836155212425 0.17313398492118715 0.34719581096338026
1.2811883584189894 0.020633921762298224 1.4499420175870852
1.2898651769422602 0.43176275333382935 2.1697013513656382
1.3518422185476642 0.0036648565636578367 3.097577095698859
1.287801410676004 0.16367922568849713 4.394688781874639
1.4178630041793447 1.1443679095563537 0.2080804697983598
1.2571231379591756 1.0677833736779585 1.4001080766114244
1.199972428066969 1.2768399872011678 2.2661220698744433
1.4079707479909458 1.436194896256105 3.259840743270598
1.4301555930330019 1.3042704623158703 4.153154258643535
1.0421855994645859 2.2250852062934947 0.39485462477187516
1.1174083503904717 2.04751652125595 1.3252186391886893
1.125813869883587 2.1802540953559113 2.4371369276945494
1.1200671769748585 2.4804296864267186 3.0478339480020002
1.4150022974755967 2.0299249954503398 4.242136869685406
1.182892539984775 3.430815887725 0.4163214094755255
1.3209003363603864 3.4952247869854944 1.0086925489735674
1.3616128493119954 3.3249745012693483 2.4415867607959196
1.3204038606940345 3.4537452394612167 3.1000241706318525
1.2131729470888284 3.1270557016357023 4.49212185382672
1.0198905800658007 4.199449324830431 0.07921114578059729
1.2859076126273017 4.10884011637451 1.0930572252428714
1.1982632389869108 4.431435571445183 2.227993564856613
1.010750213542591 4.269109744383796 3.0589946650488815
1.4352426932307347 4.093201481182161 4.004366790252406
2.4543014210145144 0.07827868231750518 0.4640287809329146
2.1129014043610663 0.008001705528074277 1.0302192237473835
2.1108031802440035 0.055704370945613146 2.3289229599477697
2.048517869192097 0.4933429737095784 3.327936023168575
2.2182619112765867 0.05866416946431319 4.113226132132661
2.2096000294638585 1.1884792916718805 0.0271900407705567
2.22296996658146 1.3804632735363724 1.4617626767362217
2.0458004210234764 1.4569474987071764 2.309491564914104
2.455082673446169 1.3263230901073895 3.352255550560323
2.172810711348592 1.4459070616691605 4.301313852363984
2.0120130591180594 2.4571259599767634 0.1551777457979413
2.0799090626618297 2.312647075526768 1.276943373234251
2.4355798892386247 2.0955410426466945 2.136248124340908
2.0533521798309518 2.1727525446690246 3.222831383547983
2.0137155573206105 2.0219906709854887 4.33076537240409
2.429320470190265 3.3021470456414583 0.20966162617513473
2.499688091806267 3.37436770500873 1.4343829087472182
2.119633733487878 3.198024105830174 2.014855983975399
2.459074811897014 3.1354125255652368 3.405478197472509
2.351638519566692 3.056790803659924 4.0298906043983695
2.3781045393545197 4.404005520333708 0.2250227558301448
2.3091141435555205 4.143388221646616 1.1213102871162586
2.1667410829868867 4.2599371405872155 2.1604332459912667
2.154755023172965 4.442008540013623 3.197807021253739
2.384290641720725 4.240920592878264 4.107371017758082
3.4022001732234712 0.33859820960436166 0.18876771427113553
3.1949595853996877 0.09254069349189076 1.0876567246233841
3.4833757227279136 0.0010397684791245143 2.0485496589066656
3.0440948299430803 0.32033477009846817 3.074307395793146
3.273258738642922 0.11372554201335366 4.024355460870002
3.273671009399259 1.474461722740315 0.4609146289228094
3.249802281431718 1.2485310105479932 1.3418519629971477
3.473809694292298 1.05884462287022 2.1430646725727533
3.136545882184472 1.1484113912514666 3.338418317321455
3.4300462222311543 1.0019923027806301 4.046942215791491
3.3346668450090644 2.214219710451393 0.42450742826732146
3.262213953572367 2.3396386831718092 1.419791933021394
3.239541819062806 2.2450950172877024 2.1056721402319862
3.004463041852158 2.306471638747886 3.1897014415684004
3.0377234479933892 2.3421931661636473 4.357253062587285
3.370852940752856 3.2192864822073513 0.05681603762285431
3.155970879570654 3.3831231128745842 1.1912372385000038
3.2039914487202856 3.2634004773379544 2.3327559424973794
3.1490525243815934 3.085203578026506 3.269393623080353
3.4304821433282555 3.126927903092827 4.233744577460567
3.3250313526374473 4.105477860413612 0.47179411056003007
3.015832297541977 4.310685219551225 1.4598005391347233
3.0390702377715786 4.176492537854198 2.2772026792013627
3.207693822319909 4.269416952045525 3.332764151308159
3.2819326479379525 4.265480602357652 4.221256859720398
4.078961176797893 0.44568171102775384 0.24777725875515688
4.162567395614819 0.45860297760689267 1.379645819017376
4.046233979497704 0.33789832326181846 2.4172282022077
4.13245477127914 0.043997316294317745 3.1496765108326747
4.262931975210956 0.4579396294313051 4.072079381136439
4.321473421295758 1.2277862736899128 0.25223913976493695
4.359848117093132 1.3844818788991753 1.0167029150489943
4.207808462158681 1.2466640088609724 2.3689521522502486
4.187963106322237 1.0590516097297187 3.3272851306761164
4.023307514160762 1.3793121785927913 4.370767956004943
4.087335630970785 2.424016861376799 0.19291702854521586
4.367487132692175 2.033461384232001 1.190383294190803
4.2944879106781775 2.456480034443202 2.0049264176929595
4.108740346979486 2.107837046071134 3.1975781635835663
4.15434729428323 2.024589506314651 4.07705640690458
4.068541120911669 3.0508364929972 0.29758018436156264
4.2164179444737595 3.1900965341458596 1.3319089599146783
4.447010182231903 3.3910392720871094 2.066033568693565
4.089391291117632 3.1400134133996587 3.279385322368438
4.269414849740684 3.3499687752484117 4.182827325462876
4.118812498950966 4.356061923730747 0.4772995623451146
4.293529149313902 4.33304069373128 1.0073028950871379
4.310792872228538 4.043293169332899 2.19446607832926
4.20145204328662 4.1965897601487665 3.336524788750591
4.02840273698541 4.286761200114595 4.0114922268756565
