0.1762373139503663 0.4552375212347109 0.34228720613739017
0.17891770768613457 0.17812789581531285 1.120078773893375
0.18784990833347082 0.4119098580293515 2.0260589406485425
0.45217600145321485 0.43735064211212465 3.08631372704323
0.0804454359141002 0.41347304970607723 4.322582971929114
0.04840244910484376 0.4005989857005618 5.3349428421050895
0.3683990483899239 0.4229223903742416 6.057296985394544
0.3613796571711272 1.274509367862983 0.17289385636593307
0.17249544684009127 1.0990681408302962 1.3331247815359573
0.2201086749720937 1.3393858819178672 2.2416170330070506
0.35714828288425854 1.172829476747418 3.1451433037202534
0.3174183270082795 1.3417406739478408 4.212522389984163
0.3253225110773844 1.042400302803598 5.217869361187186
0.06014626355152086 1.3434942392122797 6.216667819642169
0.3502433378670841 2.105260516621536 0.4348914890286819
0.30958917782822853 2.0966807109570995 1.3906179307743158
0.2629497336513909 2.152272638377865 2.408967098343996
0.11747199232448563 2.1176143332925474 3.1662887310836334
0.2748382442115492 2.050120126719412 4.350996601518102
0.31084725566796534 2.33780317354065 5.092871262469149
0.42567670954837544 2.1657797521605473 6.3544947826715
0.2958965573661868 3.4042821149984355 0.4220204976678742
0.389632942568689 3.4888705483472346 1.206069977747406
0.0673395689452373 3.3447134160281453 2.2646090734244804
0.16474645119709275 3.4464247247416337 3.098764458926535
0.42917693596985523 3.3461056749845906 4.078016093662464
0.19506194267146154 3.300194150356415 5.43753412982485
0.23634923348116366 3.174139503712662 6.093655016267426
0.20838630854906903 4.433774165146131 0.021963843726869825
0.4815570504412975 4.09553098671015 1.377704236413507
0.4698990226790489 4.32653072522379 2.0284692294558995
0.30145823129124216 4.0584174098367765 3.291847546630894
0.27178562732818146 4.199278435845016 4.173911431271387
0.34791061023530306 4.0171009084686045 5.4531959492758855
0.28425282233923543 4.033117638587374 6.399050709459647
0.06910724396848889 5.194738471058983 0.023577938063335135
0.1456020102928336 5.390992483874175 1.1865181819727741
0.003884380170940116 5.3266715966117175 2.4575796561360495
0.22040352149245446 5.205537659447935 3.240427396767054
0.316436524719901 5.103104249687447 4.441266296298718
0.34602930037159263 5.0914745291299575 5.384569622887718
0.25957961603690677 5.490464508691259 6.404755000374199
0.054332409730396214 6.455048805125125 0.24416568429682878
0.32207596711966335 6.4665523074640605 1.1264068610673073
0.4066793533543745 6.193182159715312 2.027004029404914
0.11586341912958414 6.445655809506478 3.2490502826144394
0.12535044848129068 6.1679914473775606 4.159211805959058
0.30446340483418827 6.033904153084312 5.010575822686661
0.44877608945204445 6.020189659448744 6.369996028558387
1.1674164631783603 0.30936242893912524 0.30419592456767336
1.1427299915743145 0.33276931630379614 1.0943972441537373
1.364593439591761 0.01599177490016951 2.4835320781143224
1.2325516955541431 0.24336962697267367 3.0465888018235217
1.298603077433241 0.43496495677188574 4.072000772273635
1.2858369587979586 0.43294599727351335 5.271325111324563
1.1196425712885838 0.30759972385883444 6.296156165058661
1.0481902648387185 1.3291222735777088 0.3506233302862281
1.4857925821023428 1.254922242862269 1.25914571430559
1.3962978951262968 1.4095523623573627 2.404591270333894
1.2146146764075643 1.382185798239165 3.242385201214057
1.0449086722962604 1.3296977273581456 4.443439815271401
1.4209683998751763 1.2737959115817317 5.097398110761203
1.0845899877098362 1.0446597556876702 6.359739136970352
1.3031921842262544 2.451980816352231 0.48854231455547176
1.3103701408929525 2.3700642840717996 1.3055729358701567
1.3384920280862427 2.158688727072985 2.0313730685201388
1.259468718725321 2.15092484182966 3.1429347326518586
1.3806114767288362 2.188937767887388 4.25844816589867
1.151449268089095 2.2408526756036946 5.266496589287229
1.0294840990634653 2.237755443846037 6.022328770599382
1.4220175082530715 3.0195520074244455 0.2381946065727466
1.0580072066723134 3.0352710200939454 1.3362062133361892
1.1095657841904794 3.225112568555856 2.4411606545342504
1.187691728307514 3.251549853836129 3.0199454412549147
1.2165152408111584 3.1548327971080377 4.3166201765951495
1.302410209406246 3.0802576774216526 5.333364804795232
1.2744126990201128 3.3203215305078584 6.042159635888362
1.0182997527947852 4.313087047680444 0.33845578728913606
1.0619063555414017 4.424563780141961 1.0014536333412645
1.380449550486781 4.266705777068737 2.4937257450823163
1.3191845406342715 4.3697440648196455 3.042540468449112
1.316843035089647 4.355678583955939 4.004105184648408
1.4691232813438255 4.207675293936427 5.417595355420835
1.195239998456525 4.108172319347368 6.420556150026028
1.4453098195562046 5.083657853524985 0.16539723011025487
1.291771963387864 5.265906716993863 1.1517651999750713
1.052286408867003 5.4502040058875245 2.1210457650944385
1.14993823792395 5.034980953240995 3.1001224157078116
1.3069122784923928 5.021087417919696 4.3268899765419
1.13676647836853 5.279004189202511 5.11991830116359
1.3534605753367552 5.130318606154552 6.431501250442007
1.0848067644578638 6.376867922870801 0.1790492620651199
1.0357524611574864 6.359731902397472 1.459678880781036
1.104982451166175 6.343651316265098 2.2988271871653434
1.3892567445945083 6.391036542775992 3.003195137119692
1.2750947756648627 6.077635426491744 4.257042013389333
1.193736979281683 6.170868658980197 5.279560822156449
1.0796439577125023 6.006464648201874 6.334179944791946
2.493490262416451 0.09895287669628017 0.11779817091220124
2.0870829177382735 0.3272210845722026 1.0640132190020857
2.3579875342359538 0.25481518037915585 2.269105411352391
2.0909527185811867 0.34448150145181294 3.1089058765914888
2.2202176163284397 0.006275060321163817 4.261594348967757
2.2289193973166723 0.22298462191027202 5.203778741138827
2.4486097630750523 0.11903053354916754 6.075123585908556
2.0838729306769475 1.2266569318320062 0.21362823321448648
2.0430546836499044 1.060788818967552 1.1532432681741074
2.322479733658639 1.4733172164996888 2.109515827494342
2.1722093683971204 1.4327059313622996 3.19220518096937
2.036818667988066 1.0601357438456531 4.052648250905455
2.1383551501230214 1.0603779883576339 5.080223190466536
2.098789799775479 1.2729226286178321 6.104867769119235
2.0595630924282675 2.196279389373883 0.05783974685186721
2.2207650259347753 2.47849082779546 1.3418541160840383
2.3988269884151077 2.058428538499146 2.0967333763025833
2.403704384006244 2.4356793971795505 3.253772448751351
2.46691313616215 2.4964816138202295 4.036250262506378
2.0512904472896043 2.342096052695973 5.460214373527477
2.4803567371811304 2.247091063818932 6.458986981446018
2.2937561865476646 3.297097340746125 0.07511311221101236
2.02267056521919 3.253281806766832 1.3759376646897723
2.3370990951891497 3.1848061680398665 2.1217101492524346
2.1589432561926674 3.2486164886589504 3.224479551017131
2.273463462181626 3.3552347700234106 4.147275517529483
2.1869621012942497 3.280141542836218 5.151352354650092
2.0339345426844275 3.1999153292824487 6.488207005077757
2.2836147966552316 4.045042567897989 0.02054882744603892
2.1926284944326806 4.4425346428807035 1.2853967671952111
2.2017067379972137 4.354452198637633 2.32455592177379
2.112351475840675 4.0057972198581915 3.16664229909579
2.3700385938921262 4.096647938983524 4.179890973961726
2.0497157111984965 4.0263062099978955 5.110858954876657
2.283816390089779 4.430753383828431 6.38305852407295
2.058239188200736 5.234655060662167 0.13117570913153892
2.1059872837108027 5.315804443700978 1.4619811434535468
2.3431958743832473 5.026371099044499 2.4699745354245324
2.3585634182857893 5.459029719866241 3.475950539690623
2.4723036755697927 5.148924717155523 4.458208368254844
2.3131290329237126 5.432871935021056 5.3979453919746785
2.360385689584307 5.31409087689883 6.067229301454951
2.0914208508852203 6.11355626062169 0.03509694838912175
2.301633806317426 6.028394484509368 1.0968382530198433
2.234335825279072 6.318316472580239 2.4966929470078973
2.458205021718069 6.051063222815567 3.1065659766509945
2.138330562600604 6.062258238210633 4.293180917592094
2.041280483560935 6.098207049766306 5.239956586180092
2.032461864839924 6.0521522574688165 6.054494062578894
3.1328453250509867 0.16622520642996697 0.31269281216677636
3.4413254017620774 0.2867309555916107 1.4517444637539823
3.1366834650134554 0.34489908695853283 2.196836266576007
3.122436384056632 0.05738819761567415 3.0246567395704727
3.110066839760898 0.44318073125052887 4.453045201300387
3.160159707507687 0.4804610220170563 5.130984187211186
3.2489545113574962 0.1960828367585289 6.256849075293903
3.346694086723562 1.3249692933311108 0.39817730534382856
3.072663395863048 1.473840152349411 1.0162783310233636
3.2602284334979585 1.2885305082090346 2.3182092445534135
3.1083389632015828 1.2848193336441556 3.219329012961041
3.3232797200640993 1.2323179814741247 4.1294141260979815
3.2987325390362603 1.3898456332712972 5.495049793761257
3.3784016890979807 1.2993322077860856 6.442538602964054
3.4003265733716432 2.1395616101115227 0.2555578577107196
3.0766322606104395 2.402962415197397 1.3680809411479198
3.149671571092931 2.3415945134202825 2.0051214258895356
3.3865550964442455 2.160699003499783 3.274517226029119
3.3165907742286413 2.298997294465926 4.103392190343158
3.4616369978634993 2.2842716716598406 5.259967931867349
3.012062522961406 2.243312706295304 6.270608041296151
3.363278308860056 3.478587557113255 0.3121283105685315
3.2871998041265917 3.3816429165385578 1.4676551847538724
3.071017991059445 3.1802449362100953 2.3838437267006114
3.0086981756499966 3.480255881284565 3.344399409716975
3.123465617155175 3.0315964586531843 4.47306874793715
3.162704845434189 3.4995829897717625 5.457171097758218
3.135907575840818 3.0015499751799934 6.335901722540375
3.4201672996936168 4.030149433051209 0.028616407077416417
3.1904427240417443 4.2324730012766025 1.4821238049166618
3.4322075555775755 4.1545121896917125 2.3910319619958593
3.1753069667692895 4.167067877570896 3.4155510487828673
3.4103908447695157 4.040931584218452 4.006912498158354
3.4841236963838336 4.088743337744293 5.209246078719327
3.4114161088394703 4.289459684438597 6.458188158136813
3.0900340227242005 5.274796225796877 0.08912341679930857
3.0147349067893217 5.234879755890415 1.1881387231719398
3.0222019867762957 5.398994053986568 2.11953793321248
3.3227640085559678 5.114504108823381 3.3173098403472814
3.289773842012452 5.1385191282245195 4.237489029978017
3.3436559103819765 5.038309653438187 5.1290657315306465
3.4386965836747625 5.216930787616959 6.453437690228252
3.2484338578498044 6.457371787272707 0.4953528142976892
3.157181643839441 6.189177997136389 1.2306574859020323
3.428587937520221 6.034251686145293 2.4048349476241198
3.2147758573383185 6.042930479420183 3.1608337935506814
3.0667931187695743 6.178227577373365 4.233619464893044
3.346647913494788 6.276718438860865 5.076756632524895
3.006261601680883 6.40659765394572 6.458482305813932
4.240708483333977 0.4614778160309671 0.4038847516556661
4.184476501722026 0.10942416863770449 1.194065963554694
4.2833373063825535 0.3111259904673775 2.233371938210517
4.135453308601497 0.30543092805772754 3.19571834298149
4.2441623688447025 0.06379700226341001 4.058854508343062
4.026370823270853 0.18062589242331079 5.0014293516591035
4.127099853139686 0.04222412483919441 6.130474894815511
4.419436057271809 1.4300343040206585 0.3284861355257908
4.217072565172346 1.2416429602449726 1.38202821953326
4.007516080601811 1.0384723082139466 2.4901665817244396
4.288155861416423 1.267114942531998 3.013638307655403
4.30953569847145 1.2523594992599654 4.457609344203703
4.289385092236906 1.3480445049342253 5.1474217739031864
4.157625384123532 1.1619953232416838 6.018887479847804
4.071933975860086 2.2053305424180043 0.30763566988892443
4.309825240829071 2.2331312606196008 1.2681965382264533
4.241276847417176 2.1778113463862905 2.443053072973595
4.076736863892279 2.196464659519015 3.0954910806884786
4.400739108469206 2.282780795779108 4.035699382955235
4.311586539838234 2.1953837843562787 5.175852849223785
4.0742328550480496 2.3450878421208188 6.2253728341838155
4.4299040842833906 3.1549781078423007 0.37475190632271405
4.461007284990363 3.4345956627793357 1.4644521557245411
4.451192398711722 3.160143879935818 2.082900721502804
4.324645634013511 3.3167166372324477 3.15491026350721
4.008744440893285 3.2655365092446376 4.0619133264292095
4.201061254269185 3.464407262848263 5.060976419465701
4.044229164367379 3.1955066569443726 6.073469500360716
4.326425723425105 4.454588061095791 0.10958467826781254
4.308245923023613 4.01854767911378 1.1784691074403004
4.0400161717760685 4.480646803225458 2.474137099225293
4.457339465478336 4.208881679677909 3.1147056127780175
4.486861391079907 4.4963203739521775 4.215982666850203
4.0058643073793405 4.483746909791158 5.319920270995942
4.25922895337567 4.032190785178466 6.201985491497117
4.237711389598677 5.249719693952676 0.10994715873528466
4.26197579489424 5.239118416034186 1.1273418669771764
4.375752870753992 5.0894740660793305 2.139599030845293
4.048171180648459 5.460502192813769 3.019044097182724
4.385936074825301 5.454632228253032 4.097201136222285
4.382476317473172 5.05284600677217 5.432925238596075
4.281817612235416 5.458503065472286 6.415622757729416
4.0910960683299145 6.476332821722335 0.4987985107409115
4.003583288123513 6.473029483687477 1.1651394373692492
4.219425646161716 6.436845189924763 2.4099825503679906
4.204495284762164 6.1291204425903185 3.395461045685241
4.006466630254643 6.227943297999566 4.094866175884948
4.369197455316564 6.054449964923346 5.3119382485061335
4.163841684393837 6.265371408710312 6.087796444823592
5.3275977404664445 0.04235864808057627 0.43404339216789645
5.040110196902887 0.24229077273652716 1.2861712452455687
5.0060590552819155 0.3877766265907708 2.02817987978954
5.4028433862845775 0.4476663764584926 3.2019075292243904
5.282999251419522 0.36033513048238525 4.383679003337674
5.372347590005147 0.0358770098425335 5.149684969823393
5.053116189538915 0.22449303592003717 6.435465751871263
5.330415721015315 1.2323556733750392 0.43693365586292177
5.344161840749061 1.1128452325876632 1.098575537154934
5.22222407229027 1.2263676361784677 2.362148518055851
5.368470258138046 1.075716424299846 3.190981546597871
5.176590840750196 1.0352525524858436 4.028496830929944
5.121414392410393 1.3591450148711524 5.455222447360695
5.110941257424594 1.387814376986856 6.180774141428439
5.209737050155771 2.3243080023593765 0.16331127334080642
5.076230949939585 2.285512206602416 1.4943170784640951
5.224999442867286 2.459451474613567 2.0082953855795638
5.134825979091953 2.27508798414296 3.0720167318953004
5.440349724413895 2.450610554066234 4.491224859152083
5.0990231723871675 2.0659389163112483 5.047195777032637
5.307696692785638 2.1745106613202947 6.229245783685927
5.363795441847203 3.4805963986048214 0.24730293458606073
5.317645509415517 3.4697415924143105 1.3073194669932258
5.06554392333842 3.4862736650052053 2.3613803612525466
5.263635199677397 3.1844800971709537 3.3577486903154004
5.162287468090513 3.4228831843845406 4.081552008829299
5.239265321371587 3.1792166300229834 5.167591615520819
5.09269438362307 3.400246857870288 6.241289611896337
5.0663360485147875 4.153682956013611 0.1548399579149718
5.4353313047826814 4.329841615998737 1.2790622214545853
5.422250240904824 4.147739374120142 2.0112303922991717
5.03163769569034 4.21545381099038 3.4909796852549317
5.263064336273737 4.195283436205678 4.2378657898480165
5.451547066345162 4.054451949415752 5.4989366451091275
5.49987153719694 4.249482318801295 6.491607828582344
5.0259939340981905 5.303707521571917 0.3477578343184437
5.152434614235934 5.153479690448382 1.1690929419935547
5.256588767571425 5.116877108158469 2.3295747746199065
5.278451668880567 5.123517023947394 3.2634613494257616
5.050909347665537 5.030488201502768 4.03137740219682
5.049289649192435 5.236283086228689 5.241297035409752
5.45641679554942 5.367207134381508 6.294888890618608
5.138313368001824 6.389598590949037 0.15377181986150623
5.481539888485673 6.3532404878010516 1.2468611841640713
5.460919034177441 6.220042605683046 2.0245398961798844
5.062029252734296 6.4448460039654085 3.4361999264326375
5.46081507611408 6.217549511088141 4.307440126097218
5.227263628198527 6.162715776365309 5.46240008836496
5.408308932887397 6.190294907088472 6.4644708679550185
6.330465444630395 0.1892793284020577 0.16944028318898174
6.0384875687924575 0.3416672582172323 1.333340205998246
6.322607593868098 0.3780615918712337 2.237847925249561
6.236852368663246 0.17240273577819948 3.3078393415654004
6.0229717122118185 0.4466329191962298 4.311095726915747
6.082784711830997 0.47094632107592066 5.44685397705895
6.396735561736989 0.24447630210711707 6.4171994659384515
6.214651852494731 1.0714449067411427 0.2747241340418885
6.425380529523374 1.4323136614365357 1.1583831809854164
6.28487594850492 1.2232086242178308 2.341518009199382
6.103374715542635 1.1080089406765048 3.287308074879757
6.031799788834379 1.2856138559401535 4.187167201473072
6.149362554526611 1.1215873751793324 5.399440087434316
6.269050702905292 1.012044302029491 6.0099317776417935
6.471358173563744 2.395292985551984 0.018816525134367768
6.283739160002268 2.045935930593692 1.162461797510455
6.491080492841925 2.4549532069448947 2.3109550515118285
6.3242460948172035 2.4139976681592943 3.071346599113781
6.149382546498028 2.4328196904008323 4.189157553376661
6.477575258405961 2.3256278751577497 5.007210935372557
6.439516134013264 2.444050911030895 6.1769860486401855
6.2551270815143045 3.164032978118767 0.279298856760252
6.371657291422487 3.3640500649251264 1.3833607509708956
6.205845111710788 3.096065602769616 2.3344623971995633
6.016171391686674 3.116940327359554 3.369781502711181
6.396772437906381 3.0417133206672733 4.4372285674985825
6.251767704008497 3.396881112641921 5.095246069133616
6.2925672091024865 3.476708109631031 6.426721380145041
6.2046913201201 4.377605994829395 0.3328370563835545
6.4497983523124365 4.204157308166224 1.0777000035904312
6.324760230832384 4.348451680570256 2.376078866179872
6.174397796713316 4.238931623924022 3.1808752914978524
6.0307167624734115 4.20890641223158 4.4810406544605454
6.439597708569712 4.390116545508797 5.2885370864907015
6.01889500005893 4.131428560520734 6.154293331560471
6.294356123804617 5.400553876061311 0.3145004461904761
6.118494334487281 5.49487280563602 1.3667522347762038
6.092859517092057 5.305366921677267 2.149187732697427
6.351913944493419 5.056546910797336 3.1366058664219914
6.392429613665814 5.383952308000735 4.3023135129301755
6.338809030211978 5.432214827781827 5.463533415300946
6.263093973259858 5.226007365695547 6.314878985641462
6.041255887709147 6.410077751889123 0.4143810464190356
6.105521857949884 6.169134414109539 1.2066537814592462
6.2119566802423485 6.060306986833933 2.1060860922160245
6.245856258887916 6.018789662999991 3.124875781425597
6.027069186591409 6.329149190508979 4.293161564977149
6.386960059131999 6.275503496470432 5.485779675664891
6.127537529935676 6.013159283789732 6.031442911898955
